2072668568894701788
695056766803968003
695629613326708738
696841054302113793
697118820649992192
699651359566667776
703292227943010304
704171403201765376
705482622319861761
705485333371232256
705556520717656064
705778942607659009
705785080866668544
705819182307241984
705889531694678017
706908428292263936
706973240753856512
707006552150925313
710111288152739841
712036931694157825
712720419439161345
713850466975748096
715642056690020352
718175008686669824
718514857537052673
718536653162328066
719601890485411840
719969767080112128
722170969943478273
723540417833254912
723545038433574912
723640079311208449
726602492742635524
727600998622048257
730449263038205953
730791176316407808
731523133862092800
732674716683505665
735284603166986246
745074703300104192
750785898652966912
751074170876731392
761305807740932097
763393511681056768
765618149576146944
771017202082295808
777170710670082048
777966918812721152
779109909812043777
783751803011600384
788031587187167233
788038788433842176
794622374691926017
799064739221487616
805917935185166336
806932080886022144
808706363354443776
808866120660680704
812061327384408064
813853047252074496
813905767141023744
814188658853089280
816418885213655040
816439539157733376
816716311522779136
816830068974465024
817120998306627584
817157438608543744
817181898690572288
817203304107122689
817815326280691713
817950696125263872
818203196149501952
818278547223506944
818593213313216512
818599003105263616
818956370481319936
818962681176563712
819339355869171712
819353974201401344
819661362888658945
820302194436030464
820323325142368256
820675311595438081
821171437608153088
1261354450259763200
1322710541803180032
1322996933015777286
1323126759009734656
1323330840147931137
1323386990478401539
1323469547630972928
1323751699664805888
1324740071589703680
1324747698789122049
1325913423855689729
1325914589972860928
1326662528924061698
1327367734418661383
1327369802592231431
1327372191122550787
1327373199429017607
1327374457640464384
1327375488222945280
1327376722996715522
1327382284056596480
1328380073255243777
1328381343609352197
1328393175472480257
1328394934194483200
1329554925160980480
1329555722498084866
1329557977083375617
1329559288495431680
1329560073329315848
1329564158392725506
1329565162223886337
1329566152658477058
1329567935254421510
1329820040137502721
1329821353969643529
1329822363957997571
1329887824343146497
1329888778647957506
1329889807963721728
1329891038580895747
1329892803397234699
1329893832708730884
1329900100676710402
1329932646550474758
1329938121610420227
1330672975906025472
1331327756492267520
1331328746813583363
1331330549525393413
1331334127061266448
1331336306543222788
1331441629505482752
1331993846109057025
1333452115860217859
1334570866026266624
1334571655180521476
1334577010602110977
1334578211875926020
1334594224570982401
1334970209896181762
1334973553314328590
1334978587976491008
1335995541717716995
1335997022558695425
1336040703898644480
1336069642222231554
1336392821268471810
1336393643679227904
1336394393172013058
1336395082908524546
1336395144615124996
1336395676884885504
1336396404768591873
1336398323713011717
1336399700375822339
1336407268120797190
1336436673111068683
1336437452395991040
1336481490356592641
1336482497820041218
1336698673447759875
1336700693109989377
1336778948005539840
1336780200982536198
1336780707658665984
1336783731105861646
1336784762325913601
1336787752839483393
1337110359359041539
1337111366348509184
1337112649805533187
1337112874435698698
1337113895207645185
1337487466220105728
1337488348588470272
1337489361034731523
1337589843891806209
1337792975032774657
1337812490089095173
1337814290682662912
1337816391064432646
1337818411238383618
1337823089938337799
1337832913614802944
1337873376820531201
1337929336972775424
1338220313826500616
1338525455884963842
1338526440342626307
1338528729853792263
1338535019925676034
1338536004307853312
1338927136875421696
1338927884208050180
1338934655140196358
1338944976328208386
1338945955224309761
1338947489592979457
1338949505761292295
1338952518617993224
1339314658101104645
1339319435757293568
1339320445561090053
1339322182489567234
1339323466474991627
1339324979289133058
1339328247964839940
1339665792602951681
1339666729803395075
1339668776703438850
1339932853791055873
1339946634030030849
1339948294752112643
1339949572806864897
1339952265680007168
1339952823237304327
1339995930112778241
1340030906191495173
1340065743329738755
1340066591858446339
1340068123811168259
1340068854924505088
1340070837152600064
1340383451334193156
1340384710086803457
1340385966834540545
1340387479254413313
1341379286960394245
1341417110157856770
1341418747375005704
1341420513072189444
1341422524811374593
1341471630904725505
1341541583154503682
1341902721738272773
1341904315909353475
1342249193361072130
1342297313604231170
1344714938384846849
1347335102838284290
1349492130578919425
1351688642511704071
1351906016095514632
1938053287535616085
1942362217795510273
1947297433706491994
1951048930046910469
1968061835753755079
1974865365252321479
1981375156632133692
1985149944202661934
2001782013754589489
2013760850633367882
2024235605949919438
2026344385772699784
2026445474643820690
2042613811547394058
2047108312831762934
2047296141033709898
2066702333099065695
2066917469428552100
2067282916422385856
2067292653046145247
2067302106390839408
2067352369419997253
2067393004239814711
2067427111292305700
2067619139947225372
2067640516691300736
2067642178042503551
2067700001271152808
2067724138010001809
2067782100221038802
2067789477955731841
2068038215563395082
2068062538600747390
2068119938712175021
2068379548408787310
2068718553239265290
2068782594485866613
2068869147711123858
2069044007150276917
2069154174818754759
2069155712861708564
2069234054667333969
2069498576942534847
2069505892245021080
2069577706111455725
2069760628214964243
2069804315586220537
2069851676073148713
2069898891839815978
2069940297694343283
2069956344023498998
2070172607740039567
2070270274872738258
2070310190969126971
2070584127720485087
2070591359493300448
2070606203135152266
2070998727892885688
2071081179181125877
2071345378243326102
2071757722299539943
2071912895663784062
2072011419176833314
2072076444939723075
2072092821201318229
2072124304657916336
2072184699737268697
2072376780309098803
2072381335033753632
2072388674201792721
2072402562653868156
2072411821189857674
2072808011370770500
2072849071547592822
2073021113001467993
2073060687643857333
2073077411915112569
2073120924753113295
2073167729989714196
2073220805308162245
2073226073156780311
2073252682052125025
2073253347902079361
2073255786571075879
2073262415538516176
2073381260962021699
2073406597695422770
2073410275428987061
2073434194257023116
2073470442023612639
2073499901879607299
2073519182872740135
2073557491896447261
2073613698678104351
2073629634202087674
2073936217226248414
2074129641074201007
2074251976578060495
2074270959423348773
2074318772278542443
2074457793948455422
2074482335878148099
2074499867989123417
2074605968244015138
2074778940283961718
2074847051163009163
2074898431315738796
2075039499160048120
2075200815388557626
2075284854669803645
2075392319377850736
2075572577406246930
2075578436244865041
2075667156738469936
2075807307447857230
2075965080882065873
2076045275047571947
2076110602146095345
2076139505724080501
2076170950362488837
2076725720525533303
2076846122648437209
2077051842572247427
2077071012240232504
2077078224731779486
2077133896953573600
2077364561145921689
2077405040638058540
2077480619118850506
2077485594351911005
2077488262877229513
2077509573527658809
2077528743283687776
2077814888219463898
2077835166580429205
2077856122749223248
2077933611127300109
2078144022590214396
2078151193142964516
2078919087606902953
2078924146172440651
2078976201188606160
2079373082922246434
2079545395454091454
2079587882898006099
2079611313198641579
2079643841234108438
2079740783884632477
2079934665905885320
2079981487030473055
2080026266250383515
2080051524277846164
2080079437882622371
2080293119526867440
2080369701532709057
2080407775964770536
2080628424150777904
2080776298687811952
2080844110529695906
2081048103075922241
2081101869691138529
2081138703984931121
2081183977096778162
2081194244035813447
2081399185534865608
2081519481193460153
2081546373963403613
2081553785302716662
2081809484213637316
2081832165940076557
2082158335302725687
2082176336034988202
2082178313796088297
2082237176276734009
2082253037771407638
2082483603418517813
2082525490468851747
2082604369753546922
2082625544923881964
2082652424762728631
2082885246337331596
2082891567858168266
2083172965160554673
2083176653249741020
2083184935129460932
2083186225066762362
2083199361316524348
2083213078783496702
2083216418955202796
2083226634455269626
2083245433275494774
2083285521820942748
2083554378544198005
2083581521785471474
2083604913104326701
2083637411737669994
2083640327517151346
2083655086153105416
2083681523740316056
2083731201529962893
2083913254993051874
2083973107459424592
2083993115895984243
2084040967108129155
2084041398668423414
2084342807825731723
2084342809503392187
2084360004925010388
2084393209791226043
2084453941480186310
2084620855888277854
2084631082847047733
2084660180050903502
2084667172698149248
2084733742849933401
2084789196359675953
2084847747752931719
2085021402432700535
2085096191100883279
2085111956214554787
2085121697921806358
2085122307945590984
2085127341752148305
2085131015006154876
2085131442435027288
2085172712746442951
2085360880858841357
2085380989648261598
2085461321353760940
2085469763925348369
2085509702813712803
695650563938258944
695661371950813184
695708131523981312
696863597524336641
703277892990431232
703290111652401152
703291699913687040
703291950515032065
703294221390848000
703294880592830464
705799037866213376
705834471896047616
717105268056842242
717760125101060096
717780281684598784
717811489554481153
717839339712065537
718124278193852417
719257676853608449
719911300944543744
721018503512195072
723163819455832066
723618989344198658
730476186669744128
730785903631687680
731929722083401728
733385754232139777
739882679898910720
755082666102366209
758709557975658496
761303064389226496
761303512131182592
761307597198790657
763409960382394368
765596205007138816
771050167688507392
776440519287185408
781605162871877633
783770793809285120
786943122756345856
786975871416475652
789462366085865472
789528667433074688
789841220990275584
806244245585690624
807650416997597184
816384910898249728
1336375695258361859
1336403222941069316
1336414487616872453
1336424146901856256
1336424870155067395
1336431674448547849
1336434180532662277
1336440136708612100
1336440975405756416
1336441457461366784
1336782724166807557
2067026961902264687
2067608397185180045
2067662404813459837
2068493704013271426
2069768779748241567
2069782768381219062
2071761891169292424
2072033685205897219
2072319921166434310
2072396066914541798
2072863144708632881
2072909524952875343
2073226550133002651
2074101115478593795
2074162727925199295
2074525115748888717
2074613179301126627
2074932781918929099
2075086308620276035
2075219680793362937
2075245542930596058
2075636910479786171
2075754447532106174
2075913026683699343
2076456583773462830
2077004294407033026
2077430544460120149
2077513567935312201
2077757390540116265
2078299980339527980
2078541880644772327
2078843559059284051
2079236148178587664
2080426482078216488
2080685697178972172
2080836691900698843
2082134093156733332
2083373419953852524
2083932088303059333
2084626701372297502
2084991808858116419
2085002948472459377
2085031388512649332
2085504548131484141
