1881733853997408268
1902006143616000060
1904293961348288965
1908867039755633102
1909230474842481026
1909599681123877366
1909689822622474745
1909996874876019017
1910733395593756890
1911903148735906158
1912245859749683648
1917269427533369818
1917655484783329571
1923076267173101869
1928149546888024165
1929198755389338041
1930354082822185338
1931712824784347146
1932146867892351470
1933515195718250815
1935004519483518987
1935819882043768941
1937136078932136122
1937483393257631827
1938236319102095538
1938591191060378074
1938718988302696559
1940085490272686333
1941104924844077509
1942954461875306599
1943040055205085572
1943445258664103958
1943743528388960588
1944034287579279718
1944074328527528219
1945966745153634447
1946026723834830947
1946555761829515731
1949170401575072240
1950904531060916241
1951364836018794516
1951644155702071623
1951647971835027486
1952127340294615098
1952354008544182299
1953486297533710803
1954890554292191428
1957434809141149799
1957846269986021738
1961489629749604682
1962231457893552183
1965452641028243866
1969443987309162692
1972058791211364660
1991301760690872490
1991869579283361934
1993303730750361834
1993741794924777692
1994390904006758584
2000201661000663434
2003519795283607826
2015809705793167834
2043826647581823422
2050197721378603517
2052447418247938416
2052801741389750768
2052822540779749772
2052857823063629959
2054677458192830876
