1881733853997408268
1902006143616000060
1904293961348288965
1908867039755633102
1909689822622474745
1909996874876019017
1911903148735906158
1923076267173101869
1928149546888024165
1937136078932136122
1937483393257631827
1938236319102095538
1941104924844077509
1943445258664103958
1946026723834830947
1950904531060916241
1951364836018794516
1952354008544182299
1961489629749604682
1993303730750361834
1994390904006758584
2043826647581823422
2050197721378603517
2052447418247938416
2052801741389750768
2052822540779749772
2052857823063629959
2054677458192830876
