1881733853997408268
1891582186244993194
1894145697886134563
1894926701097877527
1896970980238745803
1906015418055041030
1906696871256477979
1908867039755633102
1909230474842481026
1909599681123877366
1909689822622474745
1910733395593756890
1912129127408185638
1912245859749683648
1913721469068284387
1916149859217719528
1916857263056207890
1917269427533369818
1917308540022055244
1917655484783329571
1922290750991081592
1923076267173101869
1924450000500621727
1925921349609861170
1927401328889778414
1928149546888024165
1929198755389338041
1930354082822185338
1931712824784347146
1932146867892351470
1933515195718250815
1934605396133679243
1935004519483518987
1935819882043768941
1937136078932136122
1937483393257631827
1938236319102095538
1938591191060378074
1938718988302696559
1940085490272686333
1941104924844077509
1942954461875306599
1943040055205085572
1943445258664103958
1943743528388960588
1944034287579279718
1944074328527528219
1944471894394077420
1944799325927747749
1945966745153634447
1946026723834830947
1946555761829515731
1948368866607829228
1949170401575072240
1950202256382415236
1950580949831315940
1950904531060916241
1951364836018794516
1951644155702071623
1951647971835027486
1952127340294615098
1952354008544182299
1953486297533710803
1954890554292191428
1954935847117287574
1957434809141149799
1957846269986021738
1958620408111825033
1960021642790203550
1960160353465118805
1961489629749604682
1962231457893552183
1964447905215095262
1965452641028243866
1967705273646346495
1969443987309162692
1971356610778771687
1972058791211364660
1972678032579043469
1972806928351838477
1979657369752858990
1986816074940076385
1993092417273131364
1993303730750361834
1994390904006758584
1995629711419122121
1996982646128480386
1997365424422285519
1998144004106666275
2002083068245397752
2003284499065364846
2003601624208375899
2003661993262350552
2004252941856002185
2007205800604000562
2007850710910533850
2008300982267228526
2011091203375190332
2011213931503894650
2013404276798718172
2015809705793167834
2026335808139997517
2028561258476146756
2031769642088173727
2032089187793420464
2034368396335124808
2035190964612903357
2036174592704663936
2037285227534442575
2038632687108342213
2038728819306041399
2039482010012467379
2039482019458007539
2041226641448296838
2041659847276449967
2041864115426066476
2042276085287526532
2043826647581823422
2045472723493699976
2045858957017935917
2046167193520414797
2048857221824381171
2048857776282050956
2048857929055449167
2050197721378603517
2051321953022042350
2051322425329991965
2051678505805496589
2051690902859432371
2052822540779749772
2053547959447376012
2053929373431201915
2054187989887037809
2054202157901955559
2055066942625460708
2057567340401705090
2057810020117495838
2067004288757645785
