1059135687545413632
1309477947913506822
1875254579601744299
1885334890880602588
1889761916764963189
1892235466293821951
1894926701097877527
1895262160445444514
1900209507189367109
1904207102979260924
1906776061641105777
1914402956687950284
1915889718736154627
1928168280004403655
1947673213019853151
1948150529265197514
1948368866607829228
1950580949831315940
1951284006089060424
1955605858043257216
1956439046072434920
1958233365888512238
1958642824670240886
1962501286521147745
1970280164442714348
1972032300448731316
1982822085425553857
1982908219619192898
1983609231250223460
1994889808611872965
1995864330194096296
1995980095245222176
1997729121045000362
1998105525154677095
1998867904771580233
1999592665759752594
1999612786024882663
2000223059739877649
2000958976616276479
2001321706762141697
2001353010413236486
2001654212912947613
2002061219302445267
2002083068245397752
2002433055152353557
2006398758100091149
2008207376369758606
2008312676984717365
2012600982119530505
2014044353392431119
2014065488846901389
2014790650940502526
2018369138951897221
2018716465398952214
2019490020978028983
2020996234064920707
2021615456868549094
2021690910006726659
2026481494881935617
2027152094281523249
2031460295978242109
2032089187793420464
2032186076257784079
2032804044394180650
2034314047231828123
2034344191598178503
2034351714514452829
2034751786003628330
2036850877428895834
2038361046851735686
2038719846356074963
2039765166959567004
2040529549843214561
2040837158940905558
2041864115426066476
2041969731746320765
2043706092266410380
2044083994623463490
2044532130235982174
2044891390547546369
2045487582721561003
2046348416301637789
2046967502425457108
2047356235079680266
2047367145630371956
2047435625171763361
2048024282702250330
2048385413962666467
2049681466754285807
2049968029459526081
2051304410220044743
2051989471076274534
2053204843112837310
2053235694928052695
2053713491349877078
2053929373431201915
2053952405797028328
2054370375073681470
2054373800666644919
2054373896871416076
2054406108203348066
2054409974625746977
2054411128009114027
2054412822730187020
2054460444749054326
2054461507979854064
2054461602326511741
2054461699516928485
2054461799546933702
2054461914454089887
2054462029226967310
2054462129194053943
2054462219484823865
2054462982558822712
2054463117883793876
2054463220799443403
2054463533283409977
2054463756693041644
2054560556657336421
2054640061564567942
2054647737186967670
2054809922542731584
2054810105896718846
2054812322028458423
2055024986402775292
2056389741776384116
2056525491968897114
2056708624500523364
2056788429577257423
2056835272008954324
2056886500994789585
2056929064405856455
2057129857700569560
2057146080702218342
2057184739266596875
2057220187623948486
2057567340401705090
2058011023332847637
2059258613210755562
2062200990191759690
736616817192538114
